1 47
2 55
3 46
4 42
5 44
6 48
7 76
8 72
9 95
10 34
11 61
12 73
13 56
14 58
15 71
16 73
17 71
18 51
19 68
20 52
21 30
23 63
24 68
25 95
26 44
27 68
28 78
29 50
30 38
32 55
33 77
34 93
35 66
36 74
37 75
38 66
39 55
40 83
41 80
42 61
43 69
45 28
46 60
47 65
48 53
49 89
50 67
51 50
52 38
53 30
54 48
56 74
57 77
58 64
59 82
60 64
61 74
63 57
64 38
65 41
66 32
67 33
69 39
70 62
71 42
72 25
73 59
74 40
75 42
76 40
77 38
78 43
79 29
80 64
81 72
83 40
84 33
85 30
86 10
87 38
88 31
89 29
90 29
91 15
92 27
93 7
95 32
96 47
97 64
98 46
99 58
100 42
102 42
103 99
104 33
105 55
106 51
107 83
108 51
111 35
112 52
113 111
114 82
115 87
116 70
117 54
110 51
119 6
120 46
121 80
122 36
123 61
